11111111111111111111111111111111111111111111111111
10001000100010001000100010001000100010001000100011
10004000100010001000100010001000100010001000100011
10001000100010001000100010001000100010001000100011
11411141111111111111111111111111111111111111111111
10001000100010001000100010001000100010001000100011
10001000100010001000100010001000100010001000100011
10001000100010001000100010001000100010001000100011
11411141111111111111111111111111111111111111111111
10001000100010001000100010001000100010001000100011
10004000400040004000400040001000100010001000100011
10001000100010001000100010001000100010001000100011
11411141111111111111111111411111111111111111111111
10001000100010001000100010001000100010001000100011
10001000100010001000100010001000100010001000100044
10001000100010001000100010001000100010001000100011
11111111111111111111111111411111111111111111114111
10001000100010001000100010001000100010001000100011
10001000100010001000100010001000100010001000100011
10001000100010001000100010001000100010001000100011
11111111111111111111111111411111111111111111114111
10001000100010001000100010001000100010001000100011
10001000100010001000100010001000100010001000100011
10001000100010001000100010001000100010001000100011
11111111111111111111111111411111111111111111114111
10001000100010001000100010001000100010001000100011
10001000100010001000100010004000400040004000400011
10001000100010001000100010001000100010001000100011
11111111111111111111111111111111111111111111111111
11111111111111111111111111111111111111111111111111