3
0.822229 0.298997 0.604104
0.054485 0.453061 0.296331
0.376331 0.007498 0.314090
0.074093 0.730244 0.930938
0.740049 0.072908 0.972334
0.774061 0.475096 0.792721
0.537662 0.133390 0.926679
0.020471 0.101561 0.219931
0.984317 0.296339 0.389887
0.791634 0.493990 0.297429
0.701914 0.874909 0.919902
0.042496 0.621915 0.201170
0.912272 0.721775 0.837961
0.103979 0.861822 0.170578
0.424980 0.170572 0.706375
0.659066 0.883615 0.529803
0.123593 0.856240 0.676644
0.023978 0.287615 0.717498
0.510190 0.355641 0.446538
0.132078 0.647062 0.251898