11111111111111111111111111111111111111111111111111111111111111111111111111111111
10000000000000000000000000000000000000000000000000000000000000000000000000000001
10000000000000000000000000000000000000000000000000000000000000000000000000000001
10000000000000000000000000111100000000000000000000000000000000000000000000000001
10000000000000000000000001111110000000000000000000000000000000000000000000000001
10000000000000000000000011111111000000000000000000000000000000000000000000000001
10000000000000000000000011111111000000000000000000000000000000000000000000000001
10000000000000000000000000431111000000000000000000000000000000000000000000000001
10000000000000000000000001101111000000000000000000000000000000000000000000000001
10000000000000000000000001101110000000000000000000000000000000000000000000000001
11111111111111111111111111101100000000000000000000000000000000000000000000000001
10000000000000000000000000000000000000000000011111111111111111111000000000000001
10000000000000000000000000000000000000000000010010000000000001001000000000000001
10000000000000000000000000000000000000000000010100000000000000101000000000000001
10000000000000000000000000000000000000000000011000000000000000011000000000000001
10000000000000000000000000004000000000000000010000000000000000001000000000000001
10000000000000000000000000000000000000000000010000000011000000001000000000000001
10000000000000000000000000000000000000000000010000000111100000001000000000000001
10000000000000000000000000000000000000000000010000001100110000001000000000000001
10000000000000000000000000000000000000000000010000001100110000001000000000000001
10000000000000000000000000000000000000000000010000000001100000001000000000000001
10000000000000000000000000000000000000000000010000000011000000001000000000000001
10000000000000040000000000000000000000000000010000000011000000001000000000000001
10000000000000000000000000000000000000000000010000000011000000001000000000000001
10000000000000000000000000000000000000000000010000000000000000001000000000000001
10000000000000000000000000000000000000000000010000000011000000001000000000000001
10000000000000000000000000000000000000000000010000000011000000001000000000000001
10000000000000000000000000000000000000000000011000000000000000011000000000000001
10000000000000000000000000000000000000000000010100000000000000101000000000000001
10000000000000000000000000000000000000400000010010000000000001001000000000000001
10000000000000000000000000000000000000000000011111111111111111111000000000000001
10000000000000000000000000000000000000000000000000000000000000000000000000000001
10000000000000000000000000000000000000000000000000000000000000000000000000000001
10000000000000000000000000000000000000000000000000000000000000000000000000000001
10000000000000000000000000000000000000000000000000000000000000000000000000000001
10000000000000000000000000000000000000000000000000000000000000000000000000000001
10000000000000000000000000000000000000000000000000000000000000000000000000000001
10000000000000000000000000000000000000000000000000000000000000000000000000000001
10000000000000000000000000000000000000000000000000000000000000000000000000000001
10000000000000000000000000000000000000000000000000000000000000000000000000000001
10000000000000000000000000000000000000000000000000000000000000000000000000000001
10000000000000000000000000000000000000000000000000000000000000000000000000000001
10000000000000000000000000000000000000000000000000000000000000000000000000000001
10000000000000000000000000000000000000000000000000000000000000000000000000000001
10000000000000000000000000000000000000000000000000000000000000000000000000000001
10000000000000000000000000000000000000000000000000000000000000000000000000000001
10000000000000000000000000000000000000000000000000000000000000000000000000000001
10000000000000000000000000000000000000000000000000000000000000000000000000000001
10000000000000000000000000000000000000000000000000000000000000000000000000000001
10000000000000000000000000000000000000000000000000000000000000000000000000000001
10000000000000000000000000000000000000000000000000000000000000000000000000000001
10000000000000000000000000000000000000000000000000000000000000000000000000000001
10000000000000000000000000000000000000000000000000000000000000000000000000000001
10000000000000000000000000000000000000000000000000000000000000000000000000000001
10000000000000000000000000000000000000000000000000000000000000000000000000000001
10000000000000000000000000000000000000000000000000000000000000000000000000000001
10000000000000000000000000000000000000000000000000000000000000000000000000000001
10000000000000000000000000000000000000000000000000000000000000000000000000000001
10000000000000000000000000000000000000000000000000000000000000000000000000000001
11111111111111111111111111111111111111111111111111111111111111111111111111111111