11111111111111111111111111111111111111111111111111111111111111111111111111111111
10000010000000000000000000000000000000000000000000000000000000000000000000000001
10000010000000000000000000000000000000000000000000000000000000000000000000000001
10000010000000000000000000000000000000000000000000000000000000000000000000000001
10000010000000000000000000000000000000000000000000000000000000000000000000000001
10000010000000000000000000000000000000000000000000000000000000000000000000000001
11101100000000000000000000000000000000000000000000000000000000000000000000000001
10000010000000000000000000000000000000000000000000000000000000000000000000000001
10000010000000000000000000000000000000000000000000000000000000000000000000000001
10000010000000000000000000000000000000000000000000000000000000000000000000000001
10000010000000000000000000000000000000000000000000000000000000000000000000000001
10000010000000000000000000000000000000000000000000000000000000000000000000000001
11010100000000000000000000000000000000000000000000000000000000000000000000000001
10000010000000000000000000000000000000000000000000000000000000000000000000000001
10000010000000000000000000000000000000000000000000000000000000000000000000000001
14000310000000000000000000000000000000000000000000000000000000000000000000000001
10000010000000000000000000000000000000000000000000000000000000000000000000000001
10000010000000000000000000000000000000000000000000000000000000000000000000000001
11111110000000000000000000000000000000000000000000000000000000000000000000000001
10000000000000000000000000000000000000000000000000000000000000000000000000000001
10000000000000000000000000000000000000000000000000000000000000000000000000000001
10000000000000000000000000000000000000000000000000000000000000000000000000000001
10000000000000000000000000000000000000000000000000000000000000000000000000000001
10000000000000000000000000000000000000000000000000000000000000000000000000000001
10000000000000000000000000000000000000000000000000000000000000000000000000000001
10000000000000000000000000000000000000000000000000000000000000000000000000000001
10000000000000000000000000000000000000000000000000000000000000000000000000000001
10000000000000000000000000000000000000000000000000000000000000000000000000000001
10000000000000000000000000000000000000000000000000000000000000000000000000000001
10000000000000000000000000000000000000000000000000000000000000000000000000000001
10000000000000000000000000000000000000000000000000000000000000000000000000000001
10000000000000000000000000000000000000000000000000000000000000000000000000000001
10000000000000000000000000000000000000000000000000000000000000000000000000000001
10000000000000000000000000000000000000000000000000000000000000000000000000000001
10000000000000000000000000000000000000000000000000000000000000000000000000000001
10000000000000000000000000000000000000000000000000000000000000000000000000000001
10000000000000000000000000000000000000000000000000000000000000000000000000000001
10000000000000000000000000000000000000000000000000000000000000000000000000000001
10000000000000000000000000000000000000000000000000000000000000000000000000000001
10000000000000000000000000000000000000000000000000000000000000000000000000000001
10000000000000000000000000000000000000000000000000000000000000000000000000000001
10000000000000000000000000000000000000000000000000000000000000000000000000000001
10000000000000000000000000000000000000000000000000000000000000000000000000000001
10000000000000000000000000000000000000000000000000000000000000000000000000000001
10000000000000000000000000000000000000000000000000000000000000000000000000000001
10000000000000000000000000000000000000000000000000000000000000000000000000000001
10000000000000000000000000000000000000000000000000000000000000000000000000000001
10000000000000000000000000000000000000000000000000000000000000000000000000000001
10000000000000000000000000000000000000000000000000000000000000000000000000000001
10000000000000000000000000000000000000000000000000000000000000000000000000000001
10000000000000000000000000000000000000000000000000000000000000000000000000000001
10000000000000000000000000000000000000000000000000000000000000000000000000000001
10000000000000000000000000000000000000000000000000000000000000000000000000000001
10000000000000000000000000000000000000000000000000000000000000000000000000000001
10000000000000000000000000000000000000000000000000000000000000000000000000000001
10000000000000000000000000000000000000000000000000000000000000000000000000000001
10000000000000000000000000000000000000000000000000000000000000000000000000000001
10000000000000000000000000000000000000000000000000000000000000000000000000000001
10000000000000000000000000000000000000000000000000000000000000000000000000000001
11111111111111111111111111111111111111111111111111111111111111111111111111111111