11111111111111111111111111111111111111111111111111
10001000100010001000100010001000100010001000100011
10001000100010001000100010001000100010001000100011
10001000100010001000100010001000100010001000100011
11111111111111111111111111111111111111111111111111
10001000100010001000100010001000100010001000100011
10001000100010001000100010001000100010001000100011
10001000100010001000100010001000100010001000100011
11111111111111111111111111111111111111111111111111
10001000100010001000100010001000100010001000100011
10001000100010001000100010001000100010001000100011
10001000100010001000100010001000100010001000100011
11111111111111111111111111111111111111111111111111
10001000100010001000100010001000100010001000100011
10001000100010001000100010001000100010001000100011
10001000100010001000100010001000100010001000100011
11111111111111111111111111111111111111111111111111
10001000100010001000100010001000100010001000100011
10001000100010001000100010001000100010001000100011
10001000100010001000100010001000100010001000100011
11111111111111111111111111111111111111111111111111
10001000100010001000100010001000100010001000100011
10001000100010001000100010001000100010001000100011
10001000100010001000100010001000100010001000100011
11111111111111111111111111111111111111111111111111
10001000100010001000100010001000100010001000100011
10001000100010001000100010001000100010001000100011
10001000100010001000100010001000100010001000100011
11111111111111111111111111111111111111111111111111
11111111111111111111111111111111111111111111111111