11111111111111111111111111111111111111111111111111111111111111111111111111111111
10000010000010000010000010000010000010000010000010000010000010000010000010000001
10000010000010000010000010000010000010000010000010000010000010000010000010000001
10000010000010000010000010000010000010000010000010000010000010000010000010000001
10000010000010000010000010000010000010000010000010000010000010000010000010000001
10000010000010000010000010000010000010000010000010000010000010000010000010000001
11101110000010000010000010000010000010000010000010000010000010000010000010000001
10000010000010000010000010000010000010000010000010000010000010000010000010000001
10000010000010000010000010000010000010000010000010000010000010000010000010000001
10000010000010000010000010000010000010000010000010000010000010000010000010000001
10000010000010000010000010000010000010000010000010000010000010000010000010000001
10000010000010000010000010000010000010000010000010000010000010000010000010000001
10111110000000000000000010000010000010000010000010000010000010000010000010000001
10000010000010000010000010000010000010000010000010000010000010000010000010000001
10000010000010000010000010000010000010000010000010000010000010000010000010000001
14000310000010000010000010000010000010000010000010000010000010000010000010000001
10000010000010000010000010000010000010000010000010000010000010000010000010000001
10000010000010000010000010000010000010000010000010000010000010000010000010000001
11111110000010000010000000000000000000000000000000000000000000000000000000000001
10000010000010000010000000000000000000000000000000000000000000000000000000000001
10030010000010000010000000000000000000000000000000000000000000000000000000000001
10000010000010000010000000000000000000000000000000000000000000000000000000000001
10010010000010000010000000000000000000000000000000000000000000000000000000000001
10000010000010000010000000000000000000000000000000000000000000000000000000000001
10000010000010000010000000000000000000000000000000000000000000000000000000000001
10040010000010000010000000000000000000000000000000000000000000000000000000000001
10000010000010000010000000000000000000000000000000000000000000000000000000000001
10000010000010000010000000000000000000000000000000000000000000000000000000000001
10010010000010000010000000000000000000000000000000000000000000000000000000000001
10000010000010000010000000000000000000000000000000000000000000000000000000000001
10000010000010000010000000000000000000000000000000000000000000000000000000000001
10040010000010000010000000000000000000000000000000000000000000000000000000000001
10000010000010000010000000000000000000000000000000000000000000000000000000000001
10000010000010000010000000000000000000000000000000000000000000000000000000000001
10010010000010000010000000000000000000000000000000000000000000000000000000000001
10000010000010000010000000000000000000000000000000000000000000000000000000000001
10000010000010000010000000000000000000000000000000000000000000000000000000000001
10040010000010000010000000000000000000000000000000000000000000000000000000000001
10000010000010000010000000000000000000000000000000000000000000000000000000000001
10000010000010000010000000000000000000000000000000000000000000000000000000000001
10010010000010000010000000000000000000000000000000000000000000000000000000000001
10000010000010000010000000000000000000000000000000000000000000000000000000000001
10000010000010000010000000000000000000000000000000000000000000000000000000000001
10040010000010000010000000000000000000000000000000000000000000000000000000000001
10000010000010000010000000000000000000000000000000000000000000000000000000000001
10000010000010000010000000000000000000000000000000000000000000000000000000000001
10010010000010000010000000000000000000000000000000000000000000000000000000000001
10000010000010000010000000000000000000000000000000000000000000000000000000000001
10000010000010000010000000000000000000000000000000000000000000000000000000000001
10040010000010000010000000000000000000000000000000000000000000000000000000000001
10000010000010000010000000000000000000000000000000000000000000000000000000000001
10000010000010000010000000000000000000000000000000000000000000000000000000000001
10010010000010000010000000000000000000000000000000000000000000000000000000000001
10000010000010000010000000000000000000000000000000000000000000000000000000000001
10000000000010000010000000000000000000000000000000000000000000000000000000000001
11111111111111111111111111111111111111111111111111111111111111111111111111111001
10000000000000000000000000000000000000000000000000000000000000000000000000000001
10200000000000000000000000000000000000000000000000000000000000000000000000000001
10000000000000000000000000000000000000000000000000000000000000000000000000000001
11111111111111111111111111111111111111111111111111111111111111111111111111111111